10560 96 120 130.168 259
8
3045 56 32 48.424 87
7
13160 128 104 83.272 215
8
8730 48 40 47.712 154
6
1560 48 56 47.296 39
8
16280 56 48 65.976 172
8
21645 96 128 156.776 413
9
6685 40 96 87.192 191
7
7080 88 96 87.64 131
8
6420 40 40 42.752 81
6
12425 48 48 46.336 124
7
8920 88 104 112.824 223
8
7350 64 64 65.696 160
7
10200 80 136 103.88 255
8
9560 72 80 53.92 105
8
5320 64 96 70.024 152
7
6040 56 88 94.432 143
8
12775 40 40 44.704 62
7
3220 40 56 51.472 92
7
15520 64 32 70.664 196
8
21015 104 128 130.424 370
9
10885 56 32 59.256 174
7
7760 88 104 86.28 194
8
9030 64 64 60.16 258
7
7035 88 96 63.824 130
7
13185 136 152 117.552 145
9
19360 80 72 101.208 317
8
17000 56 32 70.648 63
8
5360 88 72 74.776 134
8
6930 32 32 51.488 169
7
14640 48 40 53.464 111
8
6560 56 104 68.808 147
8
14400 112 152 133.992 295
9
23760 128 176 106.528 321
9
4800 88 72 84.504 120
8
5430 40 40 45.376 105
6
1880 88 56 71.184 47
8
10080 56 56 56.0 229
6
7160 56 56 77.96 179
8
7070 96 40 62.296 45
7
4800 72 64 76.752 120
8
12635 72 48 50.008 93
7
9600 128 80 108.328 94
8
13590 72 112 79.08 107
9
14480 112 144 105.472 247
8
8050 56 72 70.144 70
7
9415 40 40 67.0 116
7
8190 56 56 53.456 37
7
6480 64 72 81.072 162
8
4270 48 72 60.736 122
7
8595 48 96 84.976 125
9
15390 64 72 81.224 121
9
14595 48 48 66.336 398
7
6720 144 128 89.04 168
8
4500 72 64 68.112 121
6
15705 96 88 70.968 113
9
10465 56 120 85.584 259
7
18640 120 40 66.144 160
8
8360 48 72 64.12 209
8
5400 56 96 72.752 135
8
13560 88 152 115.296 339
8
10160 56 112 118.488 218
8
1120 48 40 50.92 28
8
12560 120 104 119.264 314
8
6330 64 64 65.968 183
6
6270 80 32 48.464 149
6
13545 112 64 114.488 183
9
7740 56 56 56.0 159
6
1680 80 40 53.0 26
6
10280 120 96 74.104 257
8
9600 152 80 109.488 240
8
18440 192 48 84.192 309
8
7910 96 64 97.184 174
7
4650 64 64 69.376 135
6
8015 88 88 93.792 213
7
6680 88 136 100.96 167
8
4500 80 40 53.8 57
6
3115 40 48 52.392 89
7
10320 56 56 47.776 95
6
13600 112 112 84.728 193
8
2680 88 88 84.272 67
8
7920 72 56 74.912 198
8
13055 64 64 77.232 78
7
8890 88 96 70.84 254
7
10600 216 112 120.112 265
8
14035 32 64 61.536 153
7
5460 56 88 68.24 156
7
10800 80 104 65.584 34
8
7020 72 40 60.656 138
6
1800 40 40 45.136 60
6
8925 32 64 56.528 162
7
1750 48 64 66.488 50
7
9730 120 144 98.04 220
7
11880 56 248 114.2 297
8
9800 72 80 67.032 202
7
4860 40 40 51.008 114
6
16400 48 72 58.64 91
8
10360 168 192 144.792 259
8
11960 120 152 94.32 174
8
9520 56 88 97.4 238
8
