13568 176 408 328.128 52
16
7296 216 152 190.208 26
16
25920 280 600 332.448 59
20
14080 536 312 356.248 50
20
8512 376 344 336.984 52
19
17760 120 192 178.824 37
20
27056 336 264 349.056 88
19
29072 240 576 354.128 33
23
15048 296 648 420.512 49
19
7344 184 456 222.224 52
17
19680 560 368 461.328 112
20
24640 840 184 436.336 71
20
24160 1192 1192 959.864 140
20
9384 296 272 321.152 48
17
14832 112 184 141.152 30
18
22648 400 464 497.8 91
19
6480 120 160 263.656 45
18
20416 568 456 610.336 110
22
16872 448 376 366.44 69
19
16184 192 232 176.536 12
17
13120 304 240 269.248 42
20
13224 360 576 512.208 61
19
10800 552 336 364.256 57
18
8352 336 224 255.888 58
18
20824 528 448 440.192 109
19
12640 872 552 606.672 79
20
17600 280 416 395.96 67
20
14288 200 392 260.208 43
19
17424 800 776 666.152 75
22
20160 240 240 259.032 66
18
9600 576 360 366.144 55
20
13440 824 776 626.4 71
20
23016 496 600 475.848 80
21
5984 184 112 227.552 28
17
6528 16 16 20.08 2
16
1672 56 120 112.144 11
19
13616 512 752 592.456 74
23
7320 136 464 226.752 25
15
12320 424 168 225.064 34
20
16720 384 360 343.688 64
19
11552 336 312 267.528 46
19
8640 112 288 154.8 38
18
9240 568 272 426.28 55
21
10184 720 552 455.64 67
19
19320 1080 952 1036.168 105
23
18832 608 576 497.192 86
22
16640 640 392 543.952 104
20
12816 192 344 236.04 45
18
19312 88 80 169.104 28
17
10336 120 504 261.112 68
19
14720 968 568 492.0 64
20
7616 160 144 282.888 56
17
4320 344 256 201.48 30
18
16160 712 712 720.856 81
20
20160 208 224 338.96 85
20
14744 176 424 582.608 97
19
8968 560 320 516.608 59
19
8496 104 104 214.144 36
18
27048 544 1120 886.88 125
21
18768 64 64 79.144 25
17
21760 640 696 633.792 114
20
13944 224 904 566.832 72
21
6808 272 320 387.992 37
23
16128 752 416 476.432 85
18
25600 504 912 545.152 109
20
12672 296 216 251.208 65
16
18816 544 552 672.736 112
21
11400 576 368 400.896 75
19
31648 768 256 856.248 79
23
29488 160 432 171.328 28
19
24528 480 352 584.2 130
21
13104 640 568 548.24 78
21
19608 496 504 518.232 129
19
9856 712 584 569.368 56
22
11288 248 280 410.232 68
17
15776 120 304 171.72 23
17
9920 408 552 400.056 53
20
19656 488 504 553.064 109
21
16320 384 464 378.136 102
20
23584 912 672 574.12 64
22
13536 120 32 129.376 19
18
16192 264 712 603.08 92
22
25120 832 680 715.92 110
20
13272 384 672 573.768 79
21
15960 448 304 323.392 85
19
15264 176 88 149.24 33
18
18240 880 632 718.384 100
20
11096 464 304 283.904 26
19
10032 280 240 331.192 49
19
24192 632 872 827.672 126
24
18392 144 80 209.504 58
19
13920 136 376 441.6 62
20
12528 288 336 324.864 62
18
17424 696 704 679.376 54
22
19152 560 328 445.936 95
19
11016 216 176 185.752 66
17
24112 152 600 383.32 41
22
25232 64 184 139.072 25
19
10512 240 240 378.584 73
18
22648 488 128 329.552 72
19
